
################################################################################
# Gelman-Rubin Diagnostic
################################################################################

Generally the Gelman diagnostic should be < 1.05


Out of 106 variables: 2 > 1.01

                      
0 > 1.05

                      
0 > 1.1


The worst variables are:

              Point est. Upper C.I.
loglik[9]       1.015846   1.025654
p.fac1[2,1]     1.010006   1.021885
p.fac1[3,1]     1.009085   1.026508
loglik[2]       1.007589   1.016812
ilr.fac1[3,1]   1.007277   1.023887
loglik[5]       1.006798   1.010876
loglik[6]       1.006391   1.009159
loglik[12]      1.005398   1.017082
p.fac1[14,1]    1.005160   1.009559
p.fac1[6,1]     1.004862   1.007289


And here are the Gelman diagnostics for all variables:

               Point est. Upper C.I.
deviance        0.9994179  0.9996812
ilr.fac1[1,1]         NaN        NaN
ilr.fac1[2,1]   1.0036782  1.0105840
ilr.fac1[3,1]   1.0072771  1.0238866
ilr.fac1[4,1]   1.0001451  1.0010908
ilr.fac1[5,1]   1.0004673  1.0039448
ilr.fac1[6,1]   1.0010058  1.0020952
ilr.fac1[7,1]   1.0014780  1.0066879
ilr.fac1[8,1]   1.0024628  1.0085675
ilr.fac1[9,1]   1.0018377  1.0032679
ilr.fac1[10,1]  0.9991977  0.9995246
ilr.fac1[11,1]  1.0040122  1.0139533
ilr.fac1[12,1]  1.0007329  1.0036410
ilr.fac1[13,1]  0.9998341  0.9999059
ilr.fac1[14,1]  1.0019427  1.0049802
ilr.fac1[15,1]  1.0017360  1.0079564
ilr.fac1[16,1]  0.9993566  1.0000285
ilr.fac1[17,1]  1.0009580  1.0023622
ilr.fac1[1,2]         NaN        NaN
ilr.fac1[2,2]   1.0017263  1.0019889
ilr.fac1[3,2]   1.0020057  1.0094890
ilr.fac1[4,2]   0.9997068  1.0007137
ilr.fac1[5,2]   0.9994737  1.0002794
ilr.fac1[6,2]   1.0001160  1.0026531
ilr.fac1[7,2]   0.9999833  1.0005184
ilr.fac1[8,2]   1.0001006  1.0020967
ilr.fac1[9,2]   0.9997105  0.9999525
ilr.fac1[10,2]  1.0005732  1.0007140
ilr.fac1[11,2]  1.0007356  1.0051528
ilr.fac1[12,2]  0.9997900  1.0005112
ilr.fac1[13,2]  1.0003653  1.0027062
ilr.fac1[14,2]  1.0014708  1.0078217
ilr.fac1[15,2]  1.0021534  1.0073353
ilr.fac1[16,2]  0.9993604  0.9993823
ilr.fac1[17,2]  1.0003517  1.0017236
loglik[1]       1.0005056  1.0023058
loglik[2]       1.0075893  1.0168117
loglik[3]       1.0032316  1.0075092
loglik[4]       1.0018019  1.0058145
loglik[5]       1.0067981  1.0108762
loglik[6]       1.0063906  1.0091587
loglik[7]       0.9992871  0.9995888
loglik[8]       0.9993676  0.9994666
loglik[9]       1.0158464  1.0256542
loglik[10]      0.9993465  1.0001438
loglik[11]      1.0019630  1.0046762
loglik[12]      1.0053978  1.0170815
loglik[13]      1.0004267  1.0020885
loglik[14]      1.0006012  1.0010140
loglik[15]      1.0029989  1.0060308
loglik[16]      0.9992455  0.9998115
loglik[17]      1.0032255  1.0038561
p.fac1[1,1]     1.0047404  1.0119425
p.fac1[2,1]     1.0100060  1.0218846
p.fac1[3,1]     1.0090855  1.0265082
p.fac1[4,1]     0.9995977  1.0005727
p.fac1[5,1]     1.0024696  1.0041503
p.fac1[6,1]     1.0048624  1.0072886
p.fac1[7,1]     1.0004053  1.0012560
p.fac1[8,1]     0.9992514  0.9993061
p.fac1[9,1]     1.0045096  1.0098156
p.fac1[10,1]    1.0000939  1.0010141
p.fac1[11,1]    0.9995886  1.0009610
p.fac1[12,1]    1.0003125  1.0027023
p.fac1[13,1]    1.0001213  1.0017857
p.fac1[14,1]    1.0051602  1.0095589
p.fac1[15,1]    1.0016919  1.0062447
p.fac1[16,1]    0.9995933  1.0006480
p.fac1[17,1]    1.0028268  1.0049391
p.fac1[1,2]     1.0001732  1.0003293
p.fac1[2,2]     1.0021397  1.0104682
p.fac1[3,2]     1.0011614  1.0065356
p.fac1[4,2]     0.9995238  0.9998465
p.fac1[5,2]     1.0011205  1.0048503
p.fac1[6,2]     1.0012238  1.0065445
p.fac1[7,2]     1.0012320  1.0070474
p.fac1[8,2]     0.9994687  1.0006607
p.fac1[9,2]     1.0009587  1.0031606
p.fac1[10,2]    0.9999682  1.0009638
p.fac1[11,2]    0.9999272  1.0006381
p.fac1[12,2]    1.0007357  1.0011774
p.fac1[13,2]    1.0022654  1.0077956
p.fac1[14,2]    1.0004953  1.0044111
p.fac1[15,2]    0.9991165  0.9991616
p.fac1[16,2]    0.9999894  1.0012393
p.fac1[17,2]    1.0004454  1.0025856
p.fac1[1,3]     1.0012939  1.0038486
p.fac1[2,3]     1.0003761  1.0033088
p.fac1[3,3]     1.0003312  1.0032569
p.fac1[4,3]     0.9993715  0.9998443
p.fac1[5,3]     1.0013544  1.0041788
p.fac1[6,3]     1.0019749  1.0073404
p.fac1[7,3]     0.9997062  1.0010816
p.fac1[8,3]     0.9998200  1.0001381
p.fac1[9,3]     0.9993457  0.9993826
p.fac1[10,3]    0.9995753  0.9997464
p.fac1[11,3]    0.9996100  1.0001554
p.fac1[12,3]    0.9998248  1.0017023
p.fac1[13,3]    1.0020429  1.0077150
p.fac1[14,3]    1.0022152  1.0069430
p.fac1[15,3]    1.0009641  1.0025743
p.fac1[16,3]    0.9991886  0.9994202
p.fac1[17,3]    1.0022345  1.0051413
p.global[1]     1.0047404  1.0119425
p.global[2]     1.0001732  1.0003293
p.global[3]     1.0012939  1.0038486

################################################################################
# Geweke Diagnostic
################################################################################

The Geweke diagnostic is a standard z-score, so we'd expect 5% to be outside +/-1.96
Number of variables outside +/-1.96 in each chain (out of 
106
):


       Chain 1 Chain 2 Chain 3
Geweke       5       3       9


And here are the Geweke diagnostics for all variables:

               chain1 chain2 chain3
deviance       -0.417  1.284 -0.415
ilr.fac1[2,1]  -0.689  2.140 -1.244
ilr.fac1[3,1]  -0.339 -0.615  0.741
ilr.fac1[4,1]   0.472  0.094 -1.626
ilr.fac1[5,1]   0.498 -0.347 -1.929
ilr.fac1[6,1]  -0.483  1.525 -1.644
ilr.fac1[7,1]   0.318  2.140 -0.905
ilr.fac1[8,1]  -0.969  0.377 -1.299
ilr.fac1[9,1]   0.842  1.234  0.841
ilr.fac1[10,1] -0.150 -0.445 -0.419
ilr.fac1[11,1] -0.101  0.006 -1.604
ilr.fac1[12,1] -1.262  0.781 -0.438
ilr.fac1[13,1]  0.699  0.266  0.972
ilr.fac1[14,1] -1.129  0.397  0.188
ilr.fac1[15,1]  0.722  1.503 -1.249
ilr.fac1[16,1]  1.276  0.639 -1.746
ilr.fac1[17,1] -0.331  1.922 -0.178
ilr.fac1[2,2]   0.548  1.424 -0.838
ilr.fac1[3,2]  -0.465  0.017  1.348
ilr.fac1[4,2]   0.886 -0.330 -0.542
ilr.fac1[5,2]   0.167 -0.413 -1.009
ilr.fac1[6,2]   2.008  0.797  0.160
ilr.fac1[7,2]   0.449  1.126  0.571
ilr.fac1[8,2]  -0.582 -0.182  1.442
ilr.fac1[9,2]   0.486  1.549  2.245
ilr.fac1[10,2]  0.069 -0.054 -0.057
ilr.fac1[11,2]  0.330 -0.146 -0.703
ilr.fac1[12,2] -1.097 -0.259  1.102
ilr.fac1[13,2] -0.026 -0.292  1.876
ilr.fac1[14,2] -1.485 -0.454  0.444
ilr.fac1[15,2]  0.676  0.842  0.352
ilr.fac1[16,2]  0.912  1.617 -0.786
ilr.fac1[17,2] -0.900  0.686 -0.445
loglik[1]       0.063 -0.507  2.196
loglik[2]       2.806 -1.606 -0.322
loglik[3]       1.608 -0.868  0.163
loglik[4]       0.040  0.105  0.629
loglik[5]       0.162  0.010  0.041
loglik[6]      -0.879 -0.079 -0.760
loglik[7]       0.679  0.150 -0.826
loglik[8]      -0.563 -1.220  1.702
loglik[9]       0.268 -0.565  1.079
loglik[10]     -0.223 -0.575 -1.448
loglik[11]     -0.747 -0.270  0.026
loglik[12]     -2.135 -0.716  0.417
loglik[13]      2.115  1.761  0.736
loglik[14]      1.241 -0.472 -2.422
loglik[15]      1.568 -0.287  0.120
loglik[16]      0.299 -0.556 -0.648
loglik[17]     -0.259 -0.200  0.322
p.fac1[1,1]     0.306 -0.427  0.970
p.fac1[2,1]     0.355  1.530  1.584
p.fac1[3,1]    -0.515 -0.779  2.288
p.fac1[4,1]     1.105 -1.093 -0.554
p.fac1[5,1]     0.523 -0.316 -0.488
p.fac1[6,1]     1.463  0.021  0.757
p.fac1[7,1]     0.649 -0.158  0.059
p.fac1[8,1]    -0.099 -0.441  1.539
p.fac1[9,1]     0.931  0.243  2.387
p.fac1[10,1]    0.556 -0.369  0.227
p.fac1[11,1]    1.032 -0.745  0.181
p.fac1[12,1]   -0.693 -0.706  1.493
p.fac1[13,1]    0.091 -0.326  1.991
p.fac1[14,1]   -0.181 -0.850  1.046
p.fac1[15,1]    0.890  0.906  0.480
p.fac1[16,1]    1.869  0.601 -0.840
p.fac1[17,1]    0.083 -0.029  0.530
p.fac1[1,2]    -0.091  0.318 -2.072
p.fac1[2,2]     1.530 -0.443 -1.339
p.fac1[3,2]     0.043  1.149 -0.470
p.fac1[4,2]     0.356 -0.782  0.200
p.fac1[5,2]    -0.430 -0.784  0.024
p.fac1[6,2]     1.800 -0.073  0.942
p.fac1[7,2]    -0.090  0.069  1.665
p.fac1[8,2]     0.844  0.041  1.548
p.fac1[9,2]    -0.266  1.281 -0.398
p.fac1[10,2]   -0.478  1.991 -0.508
p.fac1[11,2]   -1.004  0.989 -0.319
p.fac1[12,2]    0.255 -0.566 -0.309
p.fac1[13,2]   -0.290 -0.010  0.813
p.fac1[14,2]   -1.320 -0.513  0.105
p.fac1[15,2]   -0.387 -0.384  1.625
p.fac1[16,2]   -0.718  1.183 -0.125
p.fac1[17,2]   -0.564  0.034 -1.345
p.fac1[1,3]    -0.269  0.101  0.027
p.fac1[2,3]    -1.627 -0.703  0.299
p.fac1[3,3]     0.275 -0.305 -1.073
p.fac1[4,3]    -0.896  0.921  0.172
p.fac1[5,3]     0.024  0.657  0.244
p.fac1[6,3]    -2.010  0.047 -0.986
p.fac1[7,3]    -0.444  0.038 -1.167
p.fac1[8,3]    -0.159  0.387 -1.826
p.fac1[9,3]    -0.471 -0.894 -1.410
p.fac1[10,3]   -0.325 -0.748  0.052
p.fac1[11,3]   -0.275  0.131  0.061
p.fac1[12,3]    0.438  0.822 -0.930
p.fac1[13,3]    0.069  0.234 -2.172
p.fac1[14,3]    1.028  0.771 -0.563
p.fac1[15,3]   -0.477 -0.281 -1.522
p.fac1[16,3]   -0.639 -1.262  0.583
p.fac1[17,3]    0.364 -0.011  0.964
p.global[1]     0.306 -0.427  0.970
p.global[2]    -0.091  0.318 -2.072
p.global[3]    -0.269  0.101  0.027
