
#################################################################
# Summary Statistics
#################################################################

DIC = 70.3754

                         Mean    SD  2.5%    5%   25%   50%   75%   95% 97.5%
p.CI_1.Coral            0.098 0.062 0.010 0.016 0.050 0.086 0.134 0.214 0.243
p.CI_10.Coral           0.047 0.039 0.002 0.005 0.017 0.037 0.067 0.128 0.145
p.CI_11.Coral           0.062 0.051 0.003 0.006 0.022 0.047 0.089 0.163 0.192
p.CI_12.Coral           0.069 0.067 0.003 0.005 0.020 0.048 0.093 0.208 0.255
p.CI_13.Coral           0.066 0.067 0.003 0.005 0.019 0.045 0.091 0.202 0.256
p.CI_14.Coral           0.049 0.051 0.003 0.004 0.016 0.034 0.066 0.141 0.184
p.CI_2.Coral            0.074 0.071 0.003 0.005 0.022 0.051 0.104 0.222 0.269
p.CI_3.Coral            0.259 0.138 0.007 0.018 0.153 0.280 0.365 0.459 0.484
p.CI_4.Coral            0.068 0.055 0.003 0.005 0.024 0.053 0.099 0.176 0.203
p.CI_5.Coral            0.133 0.092 0.004 0.008 0.051 0.125 0.203 0.291 0.318
p.CI_6.Coral            0.111 0.086 0.004 0.008 0.038 0.091 0.169 0.277 0.306
p.CI_7.Coral            0.147 0.108 0.005 0.008 0.050 0.131 0.230 0.342 0.372
p.CI_8.Coral            0.111 0.087 0.004 0.007 0.036 0.091 0.170 0.274 0.306
p.GS_1.Coral            0.062 0.063 0.003 0.005 0.019 0.043 0.086 0.190 0.242
p.GS_2.Coral            0.072 0.064 0.003 0.006 0.024 0.054 0.103 0.207 0.239
p.GS_3.Coral            0.068 0.057 0.003 0.006 0.024 0.052 0.097 0.183 0.213
p.GS_4.Coral            0.055 0.055 0.002 0.004 0.017 0.037 0.074 0.164 0.199
p.CI_1.PelagicPlankton  0.447 0.062 0.340 0.356 0.406 0.443 0.484 0.555 0.586
p.CI_10.PelagicPlankton 0.789 0.075 0.634 0.665 0.741 0.792 0.843 0.904 0.928
p.CI_11.PelagicPlankton 0.725 0.077 0.576 0.601 0.674 0.725 0.776 0.855 0.881
p.CI_12.PelagicPlankton 0.342 0.091 0.151 0.191 0.285 0.347 0.404 0.480 0.511
p.CI_13.PelagicPlankton 0.290 0.090 0.113 0.137 0.230 0.292 0.353 0.436 0.463
p.CI_14.PelagicPlankton 0.173 0.077 0.036 0.051 0.116 0.171 0.226 0.304 0.326
p.CI_2.PelagicPlankton  0.407 0.089 0.223 0.255 0.350 0.409 0.464 0.545 0.582
p.CI_3.PelagicPlankton  0.432 0.068 0.307 0.326 0.389 0.431 0.473 0.537 0.567
p.CI_4.PelagicPlankton  0.749 0.072 0.607 0.630 0.702 0.747 0.794 0.870 0.900
p.CI_5.PelagicPlankton  0.648 0.075 0.514 0.534 0.600 0.643 0.690 0.780 0.827
p.CI_6.PelagicPlankton  0.599 0.077 0.454 0.481 0.551 0.596 0.645 0.730 0.767
p.CI_7.PelagicPlankton  0.539 0.074 0.406 0.423 0.490 0.535 0.583 0.663 0.697
p.CI_8.PelagicPlankton  0.604 0.077 0.461 0.481 0.554 0.600 0.650 0.733 0.771
p.GS_1.PelagicPlankton  0.298 0.091 0.107 0.145 0.240 0.299 0.358 0.442 0.468
p.GS_2.PelagicPlankton  0.557 0.085 0.389 0.422 0.502 0.556 0.610 0.700 0.729
p.GS_3.PelagicPlankton  0.660 0.081 0.503 0.529 0.607 0.660 0.714 0.794 0.824
p.GS_4.PelagicPlankton  0.224 0.086 0.058 0.078 0.165 0.224 0.281 0.365 0.390
p.CI_1.ReefPlankton     0.455 0.091 0.268 0.299 0.394 0.461 0.519 0.597 0.620
p.CI_10.ReefPlankton    0.163 0.080 0.032 0.045 0.102 0.158 0.216 0.303 0.335
p.CI_11.ReefPlankton    0.213 0.092 0.048 0.061 0.145 0.214 0.278 0.365 0.392
p.CI_12.ReefPlankton    0.589 0.132 0.282 0.362 0.517 0.601 0.675 0.781 0.822
p.CI_13.ReefPlankton    0.643 0.132 0.321 0.397 0.572 0.657 0.732 0.836 0.865
p.CI_14.ReefPlankton    0.777 0.106 0.546 0.602 0.719 0.786 0.853 0.925 0.942
p.CI_2.ReefPlankton     0.519 0.133 0.200 0.273 0.445 0.534 0.608 0.714 0.753
p.CI_3.ReefPlankton     0.309 0.166 0.055 0.072 0.176 0.286 0.429 0.608 0.647
p.CI_4.ReefPlankton     0.184 0.085 0.037 0.049 0.117 0.180 0.244 0.327 0.359
p.CI_5.ReefPlankton     0.219 0.115 0.034 0.047 0.123 0.214 0.303 0.418 0.445
p.CI_6.ReefPlankton     0.290 0.122 0.057 0.083 0.201 0.296 0.381 0.480 0.513
p.CI_7.ReefPlankton     0.314 0.142 0.057 0.077 0.204 0.326 0.428 0.535 0.562
p.CI_8.ReefPlankton     0.285 0.123 0.058 0.080 0.191 0.290 0.380 0.474 0.502
p.GS_1.ReefPlankton     0.640 0.130 0.333 0.404 0.568 0.654 0.726 0.831 0.868
p.GS_2.ReefPlankton     0.371 0.119 0.110 0.150 0.298 0.383 0.453 0.548 0.577
p.GS_3.ReefPlankton     0.272 0.105 0.063 0.090 0.200 0.274 0.343 0.436 0.467
p.GS_4.ReefPlankton     0.721 0.118 0.455 0.512 0.656 0.735 0.800 0.893 0.918
